#include "jpeg.h"

namespace jpeg {
	static int yQuantTable[64] = {
16, 11, 10, 16, 24, 40, 51, 61,
12, 12, 14, 19, 26, 58, 60, 55,
14, 13, 16, 24, 40, 57, 69, 56,
14, 17, 22, 29, 51, 87, 80, 62,
18, 22, 37, 56, 68, 109,103,77,
24, 35, 55, 64, 81, 104,113,92,
49, 64, 78, 87, 103,121,120,101,
72, 92, 95, 98, 112,100,103,99 };
	static int uvQuantTable[64] = {
	17, 18, 24, 47, 99, 99, 99, 99,
	18, 21, 26, 66, 99, 99, 99, 99,
	24, 26, 56, 99, 99, 99, 99, 99,
	47, 66, 99, 99, 99, 99, 99, 99,
	99, 99, 99, 99, 99, 99, 99, 99,
	99, 99, 99, 99, 99, 99, 99, 99,
	99, 99, 99, 99, 99, 99, 99, 99,
	99, 99, 99, 99, 99, 99, 99, 99
	};
	int * GetYTable(int level = 0) {
		static int table[][64] = {
			{
			1,1,1,1,1,1,1,2,
			1,1,1,1,1,1,1,2,
			1,1,1,1,1,1,2,2,
			1,1,1,1,1,2,2,3,
			1,1,1,1,2,2,3,3,
			1,1,1,2,2,3,3,3,
			1,1,2,2,3,3,3,3,
			2,2,2,3,3,3,3,3
			},
		{
			2,2,3,4,5,6,8,11,
			2,2,2,4,5,7,9,11,
			3,2,3,5,7,9,11,12,
			4,4,5,7,9,11,12,12,
			5,5,7,9,11,12,12,12,
			6,7,9,11,12,12,12,12,
			8,9,11,12,12,12,12,12,
			11,11,12,12,12,12,12,12
		},
			{
			6,4,7,11,14,17,22,17,
			4,5,6,10,14,19,12,12,
			7,6,8,14,19,12,12,12,
			11,10,14,19,12,12,12,12,
			14,14,19,12,12,12,12,12,
			17,19,12,12,12,12,12,12,
			22,12,12,12,12,12,12,12,
			17,12,12,12,12,12,12,12
		},
			{
			16, 11, 10, 16, 24, 40, 51, 61,
			12, 12, 14, 19, 26, 58, 60, 55,
			14, 13, 16, 24, 40, 57, 69, 56,
			14, 17, 22, 29, 51, 87, 80, 62,
			18, 22, 37, 56, 68, 109,103,77,
			24, 35, 55, 64, 81, 104,113,92,
			49, 64, 78, 87, 103,121,120,101,
			72, 92, 95, 98, 112,100,103,99 }
		};
		return table[level];
	}
	int * GetUvTable(int level = 0) {
		static int table[][64] = {
			{
			1,1,1,2,3,3,3,3,
			1,1,1,2,3,3,3,3,
			1,1,2,3,3,3,3,3,
			2,2,3,3,3,3,3,3,
			3,3,3,3,3,3,3,3,
			3,3,3,3,3,3,3,3,
			3,3,3,3,3,3,3,3,
			3,3,3,3,3,3,3,3
			},
			
		{
			3,3,7,13,15,15,15,15,
			3,4,7,13,14,12,12,12,
			7,7,13,14,12,12,12,12,
			13,13,14,12,12,12,12,12,
			15,14,12,12,12,12,12,12,
			15,12,12,12,12,12,12,12,
			15,12,12,12,12,12,12,12,
			15,12,12,12,12,12,12,12
		},
			{
			7,9,19,34,20,20,17,17,
			9,12,19,14,14,12,12,12,
			19,19,14,14,12,12,12,12,
			34,14,14,12,12,12,12,12,
			20,14,12,12,12,12,12,12,
			20,12,12,12,12,12,12,12,
			17,12,12,12,12,12,12,12,
			17,12,12,12,12,12,12,12
			},
			{
			17, 18, 24, 47, 99, 99, 99, 99,
			18, 21, 26, 66, 99, 99, 99, 99,
			24, 26, 56, 99, 99, 99, 99, 99,
			47, 66, 99, 99, 99, 99, 99, 99,
			99, 99, 99, 99, 99, 99, 99, 99,
			99, 99, 99, 99, 99, 99, 99, 99,
			99, 99, 99, 99, 99, 99, 99, 99,
			99, 99, 99, 99, 99, 99, 99, 99
			}
			};
		return table[level];
	}
};//namespace jpeg